   0.0081741212
   0.0151627363
   0.0144989393
   0.0103516065
  -0.0018129759
   0.0021471146
   0.0120570487
  -0.0071617893
   0.0227710927
   0.0126840564
  -0.0481714806
  -0.0476797103
  -0.0424622153
  -0.0392072879
  -0.0432833082
  -0.0495496244
  -0.0501082357
  -0.0431087006
  -0.0356547596
  -0.0278730758
  -0.0204565153
  -0.0176747368
  -0.0223224042
  -0.0358406777
  -0.0450702531
  -0.0468051164
  -0.0463876456
  -0.0253006874
  -0.0064727115
   0.0008479432
  -0.0254999513
  -0.0347888002
  -0.0375137608
  -0.0358045690
  -0.0166829717
  -0.0144727726
   0.0104119003
   0.0031349861
  -0.0103660234
  -0.0093834608
   0.0128439806
  -0.0087517233
  -0.0212736064
  -0.0123671727
   0.0069763503
  -0.0025063395
   0.0125788172
  -0.0050243745
  -0.0143405745
  -0.0239427771
  -0.0175332327
  -0.0147412181
  -0.0137178608
  -0.0215243508
   0.0165622817
   0.0135932544
   0.0171532836
   0.0178425259
   0.0160138704
   0.0141076123
   0.0179580110
   0.0169813292
   0.0089464929
   0.0150060291
   0.0110381749
  -0.0006096315
   0.0002512268
   0.0090573706
   0.0097773729
  -0.0043175844
   0.0129673166
   0.0139299939
   0.0112753820
   0.0026841029
   0.0139040584
   0.0120348468
   0.0093204343
   0.0130856315
   0.0132171614
   0.0156006425
   0.0161667634
   0.0166747844
   0.0168036231
   0.0181237232
   0.0088615942
   0.0073025489
   0.0147363549
   0.0180143629
   0.0175663080
   0.0151330336
   0.0181027987
   0.0202430432
   0.0370522321
   0.0365811661
   0.0235255565
   0.0249582168
   0.0388203538
   0.0355496549
   0.0174511140
   0.0308911661
   0.0264147448
   0.0033476368
   0.0007303059
   0.0120850851
   0.0119848871
   0.0129576395
  -0.0031942732
   0.0089323005
   0.0016096043
   0.0069013719
   0.0122311556
   0.0009634189
  -0.0026159250
   0.0084039681
  -0.0382770698
  -0.0382245289
  -0.0343184315
  -0.0319094524
  -0.0343131338
  -0.0390103292
  -0.0402076731
  -0.0349878869
  -0.0297855742
  -0.0246901081
  -0.0202671553
  -0.0187312968
  -0.0216978110
  -0.0300398495
  -0.0367533818
  -0.0385804231
  -0.0379606936
  -0.0250859197
  -0.0156665257
  -0.0099810045
  -0.0068554333
  -0.0279884753
  -0.0323507157
  -0.0332770727
  -0.0313647927
  -0.0005007403
  -0.0132173507
  -0.0210626759
  -0.0229968418
  -0.0180923044
  -0.0011280659
   0.0094167445
   0.0004175255
  -0.0016487393
   0.0113330549
  -0.0058529872
  -0.0100758525
   0.0088255392
   0.0085282050
  -0.0069361023
  -0.0146739906
  -0.0096046766
   0.0028181614
  -0.0024096886
   0.0059438724
  -0.0046594798
  -0.0103790182
  -0.0159881483
  -0.0118586822
  -0.0096125595
  -0.0090085295
  -0.0140972885
   0.0105781172
   0.0135084561
   0.0133881862
   0.0128435416
   0.0118885019
   0.0086532835
   0.0129792050
   0.0144557449
   0.0140733880
   0.0130187524
   0.0068661140
   0.0126682740
   0.0137683405
   0.0132106163
   0.0033381468
   0.0105487425
   0.0121308207
  -0.0042895344
  -0.0085642683
   0.0033118114
   0.0060542477
   0.0025140290
  -0.0125529113
   0.0091868711
   0.0101073360
   0.0092807738
   0.0050115146
  -0.0061133309
   0.0114546091
   0.0109749382
   0.0090082935
   0.0049950788
   0.0125514177
   0.0119225387
   0.0114665679
   0.0128384606
   0.0127095885
   0.0133816719
   0.0139690071
   0.0140127257
   0.0135759811
   0.0118788302
   0.0061678634
   0.0041877111
   0.0102516539
   0.0133489093
   0.0142910208
   0.0127208205
   0.0114359603
   0.0028879614
   0.0092583656
   0.0231146577
   0.0251525553
   0.0192269456
   0.0108766326
   0.0299065986
   0.0298325660
   0.0236261206
   0.0143366494
   0.0243764417
   0.0276335144
   0.0254614964
   0.0139937360
   0.0224486161
   0.0165564610
  -0.0001902547
   0.0065030407
   0.0069552736
   0.0100343040
  -0.0069469806
   0.0102595486
   0.0102475772
   0.0077934047
   0.0051899290
   0.0107657748
   0.0110084341
   0.0110508553
   0.0070940050
  -0.0043150628
   0.0000683045
   0.0031409344
   0.0073108501
  -0.0056925628
   0.0041646880
   0.0020716175
   0.0053889553
  -0.0309668552
  -0.0310108544
  -0.0275408828
  -0.0253042180
  -0.0269855710
  -0.0312475191
  -0.0327725260
  -0.0276603504
  -0.0234253292
  -0.0196571145
  -0.0163262821
  -0.0139571321
  -0.0142777474
  -0.0181041543
  -0.0255286402
  -0.0300938296
  -0.0313631608
  -0.0305350644
  -0.0181254151
  -0.0102068840
  -0.0057682529
  -0.0048305721
  -0.0156261920
  -0.0231497828
  -0.0261509262
  -0.0264567243
  -0.0240510882
  -0.0118230398
  -0.0168228198
  -0.0172663307
  -0.0117353462
   0.0089427445
   0.0037890218
  -0.0003220591
  -0.0009086893
  -0.0060248815
  -0.0009484895
   0.0083611185
   0.0085693048
  -0.0020987382
  -0.0091026094
  -0.0077054556
   0.0024613841
   0.0002478300
   0.0067480780
  -0.0022224360
  -0.0067164414
  -0.0107288649
  -0.0069815462
  -0.0050839812
  -0.0051654590
  -0.0092384205
   0.0082853746
   0.0107295652
   0.0106785010
   0.0107959654
   0.0103246486
   0.0095810016
   0.0115080538
   0.0118814181
   0.0114296529
   0.0022750673
   0.0092106267
   0.0112519651
   0.0114517420
   0.0012053594
   0.0085570873
   0.0105974547
  -0.0064342445
   0.0015257636
   0.0038678806
   0.0001978870
  -0.0148768333
   0.0074809008
   0.0079557697
   0.0078282198
   0.0059263309
   0.0007888188
  -0.0118959127
   0.0099941044
   0.0095533521
   0.0085408224
   0.0062494259
   0.0021024800
   0.0105614987
   0.0097102787
   0.0090684201
   0.0101108373
   0.0113414986
   0.0116128235
   0.0116708041
   0.0113351223
   0.0107055861
   0.0084666762
   0.0036505030
   0.0020187084
   0.0083599902
   0.0110645139
   0.0116415039
   0.0100251810
   0.0090028000
   0.0037173081
   0.0163630595
   0.0187844527
   0.0154053429
   0.0063169937
   0.0230565124
   0.0234185275
   0.0194071431
   0.0105716149
   0.0185612246
   0.0215949794
   0.0203183545
   0.0128791493
   0.0178140476
   0.0125789871
  -0.0026956081
   0.0026985941
   0.0044038649
   0.0080434183
   0.0089013242
  -0.0001336365
   0.0095091390
   0.0090191472
   0.0088778552
   0.0083501756
   0.0072061229
   0.0056742922
   0.0097495643
   0.0097678269
   0.0094930185
   0.0057858137
  -0.0037725029
  -0.0008878245
   0.0020446116
   0.0057111969
   0.0076174830
  -0.0013331826
  -0.0048611717
   0.0039437868
   0.0032940264
  -0.0254925636
  -0.0257361462
  -0.0230400751
  -0.0213047375
  -0.0224331045
  -0.0256938421
  -0.0271090536
  -0.0235173285
  -0.0206390999
  -0.0180006099
  -0.0157605772
  -0.0139604063
  -0.0134866656
  -0.0148214622
  -0.0187597560
  -0.0232582359
  -0.0258284742
  -0.0264873475
  -0.0256614911
  -0.0176840165
  -0.0130165475
  -0.0097245218
  -0.0081832293
  -0.0059602758
  -0.0177365232
  -0.0218615011
  -0.0235037326
  -0.0233719424
  -0.0214699646
  -0.0054731578
  -0.0134739705
  -0.0170474998
  -0.0182656257
  -0.0171880240
  -0.0131667706
  -0.0095689720
  -0.0088757507
  -0.0018010781
   0.0060534302
   0.0023207309
   0.0072460362
   0.0003372003
  -0.0010391516
   0.0089090011
   0.0003737751
  -0.0042840534
  -0.0032393351
   0.0031469237
   0.0065095440
   0.0074517104
   0.0052173849
  -0.0007670892
  -0.0057037614
  -0.0063718150
  -0.0027800610
   0.0007928118
   0.0005734272
   0.0044072072
  -0.0017658187
  -0.0047271625
  -0.0071838653
  -0.0045204069
  -0.0031184010
  -0.0032714137
  -0.0060255373
   0.0082375180
   0.0084702978
   0.0084235186
   0.0079167160
   0.0092311401
   0.0097512275
   0.0096727194
   0.0057585477
   0.0087987862
   0.0099127525
   0.0100853478
   0.0100792172
   0.0003048925
   0.0068572503
   0.0090755370
   0.0097517904
   0.0068482000
  -0.0076422976
  -0.0006619117
   0.0014506256
  -0.0020933451
   0.0051266958
   0.0057145103
   0.0053841065
   0.0033503442
  -0.0018060042
   0.0078196210
   0.0071883499
   0.0056460606
   0.0025534839
  -0.0034655168
   0.0084996275
   0.0074388666
   0.0098170028
   0.0093431400
   0.0087141925
   0.0081657096
   0.0082473067
   0.0097598992
   0.0100558021
   0.0100422338
   0.0096281626
   0.0087301872
   0.0059802020
   0.0031570093
   0.0020633120
   0.0069634992
   0.0092185607
   0.0095459485
   0.0080068271
   0.0073021227
   0.0080145571
   0.0114088671
   0.0097378199
   0.0163770119
   0.0176333491
   0.0156591232
   0.0106670439
   0.0032644541
   0.0116575171
   0.0185330696
   0.0186223670
   0.0155453232
   0.0103974645
   0.0155831022
   0.0158259524
   0.0146544999
   0.0129283801
