   3.8278102989    0.0860041042    1.2089735396
   4.4957462670   -2.5515886882   -0.6096798083
   5.1622679528   -1.7992412311   -0.6096798083
   4.8327588529   -1.8065608025   -1.6596798083
   3.8278102989    0.0860041042   -2.4283331563
   2.2527987723    0.1323809357    1.7921879105
   3.3027987723    0.1323809357    1.5108412585
   1.7277987723    1.0417076096   -2.1264654374
   2.2527987723    0.1323809357   -2.4078120895
   2.3760641556    1.4428899676    1.9778939085
   3.4260641556    1.4428899676    1.6965472565
   2.9010641556    2.3522166416    1.6965472565
   2.9010641556    0.5335632937    1.6965472565
   3.4260641556    1.4428899676   -1.9407594394
   2.9010641556    2.3522166416   -1.9407594394
   1.8510641556    2.3522166416   -1.9407594394
   1.3260641556    1.4428899676   -1.9407594394
   2.3760641556    1.4428899676   -2.2221060915
   1.2486077294    2.0574838322    2.2376946351
   2.2986077294    2.0574838322    1.9563479830
   1.7736077294    2.9668105061    1.9563479830
   0.7236077294    2.9668105061    1.9563479830
   1.7736077294    1.1481571582    1.9563479830
   2.7785562834    3.0407220649    1.1876946351
   2.0041036336    3.7117891059    1.1876946351
   0.9897863723    3.8576259113    1.1876946351
   2.4415436975    3.7857499505    0.1376946351
   1.5017347579    4.1421724678    0.1376946351
   2.0041036336    3.7117891059   -0.9123053649
   0.9897863723    3.8576259113   -0.9123053649
   0.0576430632    3.4319303258   -0.9123053649
   1.7736077294    2.9668105061   -1.6809587129
   0.7236077294    2.9668105061   -1.6809587129
   1.2486077294    2.0574838322   -1.9623053649
   0.3340357599    1.0703369337    2.2174165261
   0.8590357599    0.1610102597    1.9360698740
  -0.1909642401    1.9796636077   -1.7012368218
   0.3340357599    1.0703369337   -1.9825834739
  -1.0119888507    1.1964749138    2.4337433226
  -0.4869888507    0.2871482398    2.1523966706
  -1.5369888507    2.1058015878   -1.4849100253
  -2.0619888507    1.1964749138   -1.4849100253
  -1.0119888507    1.1964749138   -1.7662566774
  -0.5901054309    2.4801007424    2.4431740739
  -1.8989267880    4.2802428215    1.6745207260
  -2.3847756937    4.4436348520    0.6245207260
  -1.1151054309    3.3894274164   -1.1941326220
  -1.8080489286    0.0803890799    2.3760161983
  -0.7580489286    0.0803890799    2.0946695462
  -2.3330489286   -0.8289375940    2.0946695462
  -1.2830489286   -0.8289375940    2.0946695462
  -2.3330489286    0.9897157539   -1.5426371496
  -2.8580489286    0.0803890799   -1.5426371496
  -1.8080489286    0.0803890799   -1.8239838017
  -2.9904498588    0.1496784434    2.4193778844
  -3.4804498588    0.9983833391    2.1567876758
  -3.9704498588    0.1496784434    2.1567876758
  -3.4804498588   -0.6990264523    2.1567876758
  -2.5004498588   -0.6990264523    2.1567876758
  -4.3636832265    1.1473908859    1.4393778844
  -4.6878596502    0.1496784434    1.4393778844
  -4.3636832265   -0.8480339991    1.4393778844
  -3.9704498588    1.8470882348    0.4593778844
  -4.6878596502    1.1296784434    0.4593778844
  -4.9504498588    0.1496784434    0.4593778844
  -4.6878596502   -0.8303215566    0.4593778844
  -4.3636832265    1.1473908859   -0.5206221156
  -4.6878596502    0.1496784434   -0.5206221156
  -4.3636832265   -0.8480339991   -0.5206221156
  -3.4804498588    0.9983833391   -1.2380319070
  -3.9704498588    0.1496784434   -1.2380319070
  -2.9904498588    0.1496784434   -1.5006221156
  -1.2006330360   -1.1399583428    2.0971373998
  -0.6756330360   -2.0492850168    1.8157907477
  -0.6756330360   -0.2306316689   -1.8215159482
  -1.7256330360   -0.2306316689   -1.8215159482
  -1.2006330360   -1.1399583428   -2.1028626002
  -1.0559294679   -2.2897351073    1.7693482844
  -2.3647508250   -4.0898771864    1.0006949364
  -3.6778020390   -3.6822926896   -0.0493050636
  -2.8505997307   -4.2532692169   -0.0493050636
  -1.0559294679   -2.2897351073   -1.8679584115
   0.1589407135   -1.3522547044    1.8668971946
   1.2089407135   -1.3522547044    1.5855505425
  -0.3660592865   -2.2615813784    1.5855505425
   0.6839407135   -2.2615813784    1.5855505425
   1.2089407135   -1.3522547044   -2.0517561534
  -0.3660592865   -0.4429280305   -2.0517561534
   0.1589407135   -1.3522547044   -2.3331028054
   1.5951443351   -2.4391771191    1.2299008212
   0.1251443351   -3.2878820148    1.2299008212
   1.1051443351   -3.2878820148    1.2299008212
   0.0906158631   -4.0535097621    0.5124910298
   1.1396728070   -4.0535097621    0.5124910298
   1.9883777027   -3.4368895616    0.5124910298
   0.6151443351   -4.3991771191   -0.4675089702
   1.5951443351   -4.1365869105   -0.4675089702
   2.3125541265   -3.4191771191   -0.4675089702
   0.0906158631   -4.0535097621   -1.4475089702
   1.1396728070   -4.0535097621   -1.4475089702
   1.9883777027   -3.4368895616   -1.4475089702
   1.5951443351   -2.4391771191   -2.1649187617
   1.1051443351   -1.5904722234   -2.1649187617
  -0.3648556649   -2.4391771191   -2.1649187617
   0.1251443351   -3.2878820148   -2.1649187617
   1.1051443351   -3.2878820148   -2.1649187617
   0.6151443351   -2.4391771191   -2.4275089702
   0.9037160666   -0.1312414770    1.9474518495
   1.4287160666   -1.0405681510    1.6661051974
   0.3787160666    0.7780851969   -1.9712014985
  -0.1462839334   -0.1312414770   -1.9712014985
   1.4287160666   -1.0405681510   -1.9712014985
   0.9037160666   -0.1312414770   -2.2525481505
   3.3541672502   -1.5761114222    1.8433896521
   4.3416464741   -1.5761114222    1.5225382026
   3.6593151120   -0.6369628716    1.5225382026
   2.5552797766   -0.9956856974    1.5225382026
   2.5552797766   -2.1565371469    1.5225382026
   3.6593151120   -2.5152599727    1.5225382026
   4.9519421976   -1.5761114222    0.6825382026
   2.5552797766   -2.9598251161    0.6825382026
   3.6316179582   -3.1496125779    0.6825382026
   4.5781338700   -2.6031413614    0.6825382026
   2.5552797766   -2.9598251161   -0.3557588985
   3.6316179582   -3.1496125779   -0.3557588985
   4.5781338700   -2.6031413614   -0.3557588985
   3.3818704332   -2.8814468390   -1.0354027407
   1.6030023975   -1.8544168998   -2.0736998418
   2.3055322516   -2.6916593773   -2.0736998418
   3.3818704332   -2.8814468390   -2.0736998418
   4.3283863450   -2.3349756225   -2.0736998418
   4.0918989491   -1.3079456833   -2.9136998418
   3.4095675870   -0.3687971327   -2.9136998418
   2.3055322516   -0.7275199586   -2.9136998418
   2.3055322516   -1.8883714080   -2.9136998418
   3.4095675870   -2.2470942338   -2.9136998418
   3.1044197252   -1.3079456833   -3.2345512913
   5.2301559326   -0.2916810537    0.6957923556
   4.5478245705    0.6474674969    0.6957923556
   5.8404516561   -0.2916810537   -0.1442076444
   5.4666433285    0.7353488856   -0.1442076444
   5.4666433285   -1.3187109929   -0.1442076444
   5.8404516561   -0.2916810537   -1.1825047455
   5.4666433285    0.7353488856   -1.1825047455
   4.5201274166    1.2818201021   -1.1825047455
   5.4666433285   -1.3187109929   -1.1825047455
   5.2301559326   -0.2916810537   -2.0225047455
   4.5478245705    0.6474674969   -2.0225047455
   4.3130489015    1.9354415608    1.1752684305
   3.6307175394    2.8745901114    1.1752684305
   4.9233446251    1.9354415608    0.3352684305
   4.5495362975    2.9624715001    0.3352684305
   3.6030203856    3.5089427166    0.3352684305
   4.9233446251    1.9354415608   -0.7030286706
   4.5495362975    2.9624715001   -0.7030286706
   3.6030203856    3.5089427166   -0.7030286706
   4.3130489015    1.9354415608   -1.5430286706
   3.6307175394    2.8745901114   -1.5430286706
  -3.1738769010    4.0973761835    0.3860475961
  -3.8764067551    3.2601337060    0.3860475961
  -3.8764067551    2.1671912730    0.3860475961
  -2.0975387194    4.2871636453   -0.6522495050
  -3.1738769010    4.0973761835   -0.6522495050
  -3.8764067551    3.2601337060   -0.6522495050
  -3.8764067551    2.1671912730   -0.6522495050
  -1.3875102035    2.7136624895   -1.4922495050
  -2.0698415656    3.6528110401   -1.4922495050
  -3.1738769010    3.2940882143   -1.4922495050
  -3.1738769010    2.1332367648   -1.4922495050
  -2.0698415656    1.7745139390   -1.4922495050
  -2.3749894273    2.7136624895   -1.8131009544
   0.1195151901    3.2318023714    1.9932444105
  -0.5628161720    4.1709509220    1.9932444105
   0.3560025860    4.2588323107    1.1532444105
  -0.5905133258    4.8053035272    1.1532444105
  -1.6668515075    4.6155160654    1.1532444105
   0.3560025860    4.2588323107    0.1149473094
  -0.5905133258    4.8053035272    0.1149473094
  -1.6668515075    4.6155160654    0.1149473094
  -0.5628161720    4.1709509220   -0.7250526906
  -2.1326673176    2.4423106471    3.2659522254
  -1.1451880938    2.4423106471    2.9451007759
  -1.8275194559    3.3814591977    2.9451007759
  -2.9315547913    3.0227363718    2.9451007759
  -2.9315547913    1.8618849224    2.9451007759
  -1.8275194559    1.5031620966    2.9451007759
  -1.8552166097    4.0158118029    2.1051007759
  -2.9315547913    3.8260243411    2.1051007759
  -3.6340846454    2.9887818636    2.1051007759
  -3.6340846454    1.8958394306    2.1051007759
  -3.6340846454    2.9887818636    1.0668036748
  -2.5984901465   -2.4094161467    2.5850476616
  -1.6110109227   -2.4094161467    2.2641962121
  -2.2933422848   -1.4702675962    2.2641962121
  -3.3973776202   -1.8289904220    2.2641962121
  -3.3973776202   -2.9898418715    2.2641962121
  -2.2933422848   -3.3485646973    2.2641962121
  -4.0999074742   -1.8629449302    1.4241962121
  -4.0999074742   -2.9558873633    1.4241962121
  -3.3973776202   -3.7931298407    1.4241962121
  -2.3210394386   -3.9829173025    1.4241962121
  -4.0999074742   -2.9558873633    0.3858991110
  -4.3600097779   -1.5876351574   -0.2894903891
  -4.3600097779   -2.6805775904   -0.2894903891
  -3.6574799238   -0.7503926800   -1.3277874902
  -4.3600097779   -1.5876351574   -1.3277874902
  -4.3600097779   -2.6805775904   -1.3277874902
  -3.6574799238   -3.5178200679   -1.3277874902
  -1.8711132263   -2.1341063739   -2.1677874902
  -2.5534445884   -1.1949578234   -2.1677874902
  -3.6574799238   -1.5536806492   -2.1677874902
  -3.6574799238   -2.7145320987   -2.1677874902
  -2.5534445884   -3.0732549245   -2.1677874902
  -2.8585924501   -2.1341063739   -2.4886389397
  -0.5316926622   -3.1614566025    1.0811345395
  -1.2140240243   -4.1006051530    1.0811345395
  -2.3180593598   -4.5451702964    0.2411345395
  -1.2417211782   -4.7349577582    0.2411345395
  -0.2952052663   -4.1884865417    0.2411345395
  -2.3180593598   -4.5451702964   -0.7971625616
  -1.2417211782   -4.7349577582   -0.7971625616
  -0.2952052663   -4.1884865417   -0.7971625616
  -2.3180593598   -3.7418823272   -1.6371625616
  -1.2140240243   -4.1006051530   -1.6371625616
  -1.5191718861   -3.1614566025   -1.9580140110
   3.8234707858    0.0784878471    1.5526454747
   5.4109215725   -1.8385354528   -0.0756295668
   3.8234707858   -3.1044852113   -1.1437300498
   4.7616685648   -2.6526729735   -1.1437300498
   5.4109215725   -1.8385354528   -1.1437300498
   4.8813346910   -1.8377785981   -2.1060553328
   3.8234707858    0.0784878471   -2.7720050913
   2.2527987723    0.1323809357    2.0921879105
   3.2941197461    0.1323809357    1.8545131935
   2.7734592592   -0.7694294812    1.8545131935
   2.7734592592    1.0341913525   -2.4701373725
   1.7321382853    1.0341913525   -2.4701373725
   2.2527987723    0.1323809357   -2.7078120895
   2.3760641556    1.4428899676    2.2778939085
   3.4173851295    1.4428899676    2.0402191915
   2.8967246426    2.3447003845    2.0402191915
   1.8554036687    0.5410795508    2.0402191915
   2.8967246426    0.5410795508    2.0402191915
   3.1555470407    3.1497194031    1.3742694330
   3.9545885477    0.4284339393    1.3742694330
   3.4173851295    1.4428899676   -2.2844313744
   2.8967246426    2.3447003845   -2.2844313744
   1.8554036687    2.3447003845   -2.2844313744
   1.3347431818    1.4428899676   -2.2844313744
   2.3760641556    1.4428899676   -2.5221060915
   1.2486077294    2.0574838322    2.5376946351
   2.2899287033    2.0574838322    2.3000199180
   1.7692682163    2.9592942490    2.3000199180
   0.7279472425    2.9592942490    2.3000199180
   1.7692682163    1.1556734153    2.3000199180
   2.8271321215    3.0719398605    1.6340701595
   2.0280906145    3.7643132676    1.6340701595
   0.9815687990    3.9147803889    1.6340701595
   2.7074659953    3.8868342359    0.6717448765
   1.7692682163    4.3386464737    0.6717448765
   0.7279472425    4.3386464737    0.6717448765
   2.7074659953    3.8868342359   -0.3963556064
   1.7692682163    4.3386464737   -0.3963556064
   0.7279472425    4.3386464737   -0.3963556064
   2.0280906145    3.7643132676   -1.3586808894
   0.9815687990    3.9147803889   -1.3586808894
   0.0198299572    3.4755689764   -1.3586808894
   1.7692682163    2.9592942490   -2.0246306479
   0.7279472425    2.9592942490   -2.0246306479
   1.2486077294    2.0574838322   -2.2623053649
   0.3340357599    1.0703369337    2.5174165261
   0.8546962468    0.1685265168    2.2797418091
  -0.1866247270    1.9721473506   -2.0449087569
  -0.7072852140    1.0703369337   -2.0449087569
   0.3340357599    1.0703369337   -2.2825834739
  -1.0119888507    1.1964749138    2.7337433226
   0.0293321232    1.1964749138    2.4960686056
  -0.4913283638    0.2946644969    2.4960686056
  -1.5326493377    2.0982853307   -1.8285819603
  -1.0119888507    1.1964749138   -2.0662566774
  -0.5987844570    2.4801007424    2.7868460089
  -1.9071443612    4.3373972991    2.1208962504
  -2.1607659178    4.7612633839    1.1585709674
  -3.0989636968    4.3094511461    1.1585709674
  -3.7482167045    3.4953136254    1.1585709674
  -2.1607659178    4.7612633839    0.0904704845
  -1.1194449439    3.3819111593   -1.5378045570
  -1.8080489286    0.0803890799    2.6760161983
  -2.3287094155   -0.8214213369    2.4383414813
  -1.2873884417   -0.8214213369    2.4383414813
  -2.3287094155    0.9821994968   -1.8863090847
  -2.8493699025    0.0803890799   -1.8863090847
  -1.8080489286    0.0803890799   -2.1239838017
  -2.9904498588    0.1496784434    2.6993778844
  -3.4763996466    0.9913681658    2.4775481485
  -3.9623494344    0.1496784434    2.4775481485
  -3.4763996466   -0.6920112791    2.4775481485
  -2.5045000710   -0.6920112791    2.4775481485
  -4.4072833603    1.1790682373    1.8559950405
  -4.7417523795    0.1496784434    1.8559950405
  -4.4072833603   -0.8797113506    1.8559950405
  -4.6250764657    1.5978312501    0.9578247764
  -5.1108300035    0.6723052103    0.9578247764
  -5.1108300035   -0.3729483235    0.9578247764
  -4.6250764657   -1.2984743634    0.9578247764
  -4.6250764657    1.5978312501   -0.0390690077
  -5.1108300035    0.6723052103   -0.0390690077
  -5.1108300035   -0.3729483235   -0.0390690077
  -4.6250764657   -1.2984743634   -0.0390690077
  -4.4072833603    1.1790682373   -0.9372392718
  -4.7417523795    0.1496784434   -0.9372392718
  -4.4072833603   -0.8797113506   -0.9372392718
  -3.4763996466    0.9913681658   -1.5587923797
  -3.9623494344    0.1496784434   -1.5587923797
  -1.2006330360   -1.1399583428    2.3971373998
  -0.1593120621   -1.1399583428    2.1594626827
  -0.6799725491   -2.0417687597    2.1594626827
  -1.7212935230   -0.2381479260   -2.1651878832
  -1.2006330360   -1.1399583428   -2.4028626002
  -1.0646084940   -2.2897351073    2.1130202194
  -1.3264465828   -3.9965645427    1.4470704609
  -0.5274050758   -3.3041911356    1.4470704609
  -3.5647877338   -4.1190855110    0.4847451779
  -2.6265899548   -4.5708977487    0.4847451779
  -3.5647877338   -4.1190855110   -0.5833553051
  -1.0646084940   -2.2897351073   -2.2116303465
  -1.5852689809   -3.1915455241   -2.2116303465
   0.1589407135   -1.3522547044    2.1668971946
   1.2002616874   -1.3522547044    1.9292224775
   0.6796012005   -2.2540651213    1.9292224775
   1.2002616874   -1.3522547044   -2.3954280884
  -0.3617197734   -0.4504442876   -2.3954280884
  -0.8823802604   -1.3522547044   -2.3954280884
   0.1589407135   -1.3522547044   -2.6331028054
   1.5870439107   -2.4391771191    1.5506612939
   0.1291945473   -3.2808668415    1.5506612939
   1.1010941229   -3.2808668415    1.5506612939
   0.0739620939   -4.1047647935    0.9291081859
   1.1563265763   -4.1047647935    0.9291081859
   2.0319778366   -3.4685669131    0.9291081859
   0.8783769809   -4.6070930008    0.0309379218
   1.8557060127   -4.2364409895    0.0309379218
   2.5488373146   -3.4540574849    0.0309379218
  -0.1592554778   -4.4811016098   -0.9659558623
   0.8783769809   -4.6070930008   -0.9659558623
   1.8557060127   -4.2364409895   -0.9659558623
   2.5488373146   -3.4540574849   -0.9659558623
   0.0739620939   -4.1047647935   -1.8641261264
   1.1563265763   -4.1047647935   -1.8641261264
   2.0319778366   -3.4685669131   -1.8641261264
   1.5870439107   -2.4391771191   -2.4856792343
   1.1010941229   -1.5974873967   -2.4856792343
  -0.3567552406   -2.4391771191   -2.4856792343
   0.1291945473   -3.2808668415   -2.4856792343
   1.1010941229   -3.2808668415   -2.4856792343
   0.6151443351   -2.4391771191   -2.7075089702
   0.9037160666   -0.1312414770    2.2474518495
   1.4243765536   -1.0330518939    2.0097771325
   0.3830555797    0.7705689398   -2.3148734335
  -0.1376049073   -0.1312414770   -2.3148734335
   0.9037160666   -0.1312414770   -2.5525481505
   3.3541672502   -1.5761114222    2.0833896521
   4.3141672502   -1.5761114222    1.8261584273
   3.8341672502   -0.7447270345    1.8261584273
   2.3941672502   -1.5761114222    1.8261584273
   2.8741672502   -2.4074958098    1.8261584273
   3.8341672502   -2.4074958098    1.8261584273
   5.0169360255   -1.5761114222    1.1233896521
   2.8403434410   -3.1574985010    1.1233896521
   3.8679910595   -3.1574985010    1.1233896521
   4.6993754472   -2.5534623862    1.1233896521
   3.3541672502   -3.4961114222    0.1633896521
   4.3141672502   -3.2388801974    0.1633896521
   5.0169360255   -2.5361114222    0.1633896521
   3.8679910595   -3.1574985010   -0.7966103479
   3.1044197252   -3.2279456833   -1.5545512913
   4.0644197252   -2.9707144586   -1.5545512913
   4.7671885005   -1.3079456833   -2.5145512913
   1.4416509500   -1.3079456833   -2.5145512913
   1.7592115283   -2.2852966474   -2.5145512913
   2.5905959160   -2.8893327621   -2.5145512913
   3.6182435345   -2.8893327621   -2.5145512913
   4.4496279222   -2.2852966474   -2.5145512913
   4.0644197252   -1.3079456833   -3.2173200666
   3.5844197252   -0.4765612957   -3.2173200666
   2.6244197252   -0.4765612957   -3.2173200666
   2.1444197252   -1.3079456833   -3.2173200666
   2.6244197252   -2.1393300709   -3.2173200666
   3.5844197252   -2.1393300709   -3.2173200666
   3.1044197252   -1.3079456833   -3.4745512913
   5.2026767087   -0.2916810537    0.9994125803
   4.7226767087    0.5397033340    0.9994125803
   5.9054454840   -0.2916810537    0.2966438051
   5.5878849056    0.6856699104    0.2966438051
   5.5878849056   -1.2690320177    0.2966438051
   6.1626767087   -0.2916810537   -0.6633561949
   5.9054454840    0.6683189463   -0.6633561949
   5.2026767087    1.3710877216   -0.6633561949
   5.9054454840   -1.2516810537   -0.6633561949
   5.9054454840   -0.2916810537   -1.6233561949
   5.5878849056    0.6856699104   -1.6233561949
   4.7565005180    1.2897060251   -1.6233561949
   5.5878849056   -1.2690320177   -1.6233561949
   5.2026767087   -0.2916810537   -2.3261249702
   4.7226767087    0.5397033340   -2.3261249702
   4.2855696777    1.9354415608    1.4788886552
   3.8055696777    2.7668259484    1.4788886552
   4.9883384529    1.9354415608    0.7761198799
   4.6707778746    2.9127925249    0.7761198799
   3.8393934869    3.5168286396    0.7761198799
   4.6707778746    0.9580905967    0.7761198799
   5.2455696777    1.9354415608   -0.1838801201
   4.9883384529    2.8954415608   -0.1838801201
   4.2855696777    3.5982103361   -0.1838801201
   3.3255696777    3.8554415608   -0.1838801201
   4.9883384529    1.9354415608   -1.1438801201
   4.6707778746    2.9127925249   -1.1438801201
   3.8393934869    3.5168286396   -1.1438801201
   4.2855696777    1.9354415608   -1.8466488954
   3.8055696777    2.7668259484   -1.8466488954
  -3.7201976242    3.6910134536    0.8268990456
  -4.0377582026    2.7136624895    0.8268990456
  -3.3349894273    4.3764312648   -0.1331009544
  -4.0377582026    3.6736624895   -0.1331009544
  -4.2949894273    2.7136624895   -0.1331009544
  -1.8611656181    4.2950495683   -1.0931009544
  -2.8888132366    4.2950495683   -1.0931009544
  -3.7201976242    3.6910134536   -1.0931009544
  -4.0377582026    2.7136624895   -1.0931009544
  -3.7201976242    1.7363115255   -1.0931009544
  -1.4149894273    2.7136624895   -1.7958697297
  -1.8949894273    3.5450468772   -1.7958697297
  -2.8549894273    3.5450468772   -1.7958697297
  -3.3349894273    2.7136624895   -1.7958697297
  -2.8549894273    1.8822781019   -1.7958697297
  -1.8949894273    1.8822781019   -1.7958697297
  -2.3749894273    2.7136624895   -2.0531009544
   0.0920359662    3.2318023714    2.2968646353
  -0.3879640338    4.0631867591    2.2968646353
   0.4772441631    4.2091533355    1.5940958600
  -0.3541402245    4.8131894502    1.5940958600
  -1.3817878430    4.8131894502    1.5940958600
   0.0920359662    4.8945711467    0.6340958600
  -0.8679640338    5.1518023714    0.6340958600
  -1.8279640338    4.8945711467    0.6340958600
  -0.3541402245    4.8131894502   -0.3259041400
  -1.3817878430    4.8131894502   -0.3259041400
  -0.3879640338    4.0631867591   -1.0286729153
  -2.1326673176    2.4423106471    3.5059522254
  -1.1726673176    2.4423106471    3.2487210006
  -1.6526673176    3.2736950348    3.2487210006
  -2.6126673176    3.2736950348    3.2487210006
  -3.0926673176    2.4423106471    3.2487210006
  -2.6126673176    1.6109262595    3.2487210006
  -1.6526673176    1.6109262595    3.2487210006
  -1.6188435084    4.0236977259    2.5459522254
  -2.6464911269    4.0236977259    2.5459522254
  -3.4778755145    3.4196616112    2.5459522254
  -3.7954360929    2.4423106471    2.5459522254
  -3.4778755145    1.4649596830    2.5459522254
  -3.7954360929    3.4023106471    1.5859522254
  -4.0526673176    2.4423106471    1.5859522254
  -2.5984901465   -2.4094161467    2.8250476616
  -1.6384901465   -2.4094161467    2.5678164368
  -2.1184901465   -1.5780317591    2.5678164368
  -3.0784901465   -1.5780317591    2.5678164368
  -3.5584901465   -2.4094161467    2.5678164368
  -3.0784901465   -3.2408005344    2.5678164368
  -2.1184901465   -3.2408005344    2.5678164368
  -3.9436983434   -1.4320651827    1.8650476616
  -4.2612589218   -2.4094161467    1.8650476616
  -3.9436983434   -3.3867671108    1.8650476616
  -3.1123139558   -3.9908032256    1.8650476616
  -2.0846663372   -3.9908032256    1.8650476616
  -4.5184901465   -2.4094161467    0.9050476616
  -4.2612589218   -3.3694161467    0.9050476616
  -3.5584901465   -4.0721849220    0.9050476616
  -4.5213612254   -2.1341063739    0.1513610603
  -4.5213612254   -1.1741063739   -0.8086389397
  -4.7785924501   -2.1341063739   -0.8086389397
  -4.5213612254   -3.0941063739   -0.8086389397
  -3.8185924501   -3.7968751492   -0.8086389397
  -3.3724162594   -0.5527192951   -1.7686389397
  -4.2038006470   -1.1567554099   -1.7686389397
  -4.5213612254   -2.1341063739   -1.7686389397
  -4.2038006470   -3.1114573380   -1.7686389397
  -3.3724162594   -3.7154934527   -1.7686389397
  -1.8985924501   -2.1341063739   -2.4714077149
  -2.3785924501   -1.3027219863   -2.4714077149
  -3.3385924501   -1.3027219863   -2.4714077149
  -3.8185924501   -2.1341063739   -2.4714077149
  -3.3385924501   -2.9654907616   -2.4714077149
  -2.3785924501   -2.9654907616   -2.4714077149
  -2.8585924501   -2.1341063739   -2.7286389397
  -1.0391718861   -3.9928409901    1.3847547642
  -2.0329956954   -4.7428436813    0.6819859890
  -1.0053480768   -4.7428436813    0.6819859890
  -2.4791718861   -4.8242253778   -0.2780140110
  -1.5191718861   -5.0814566025   -0.2780140110
  -0.5591718861   -4.8242253778   -0.2780140110
  -2.0329956954   -4.7428436813   -1.2380140110
  -1.0053480768   -4.7428436813   -1.2380140110
  -1.9991718861   -3.9928409901   -1.9407827863
  -1.0391718861   -3.9928409901   -1.9407827863
   5.2119986081   -0.8233225698    1.2995085009
   5.5502543794   -1.9056345962    0.4235654591
   5.2119986081   -2.7325108790   -0.6096798083
   5.7972850367   -1.8565678372   -0.6096798083
   4.8580898589   -2.7735814520   -1.6429250757
   5.5502543794   -1.9056345962   -1.6429250757
   4.0959157852    0.9133362014   -2.5188681175
   3.8194329326    0.0714940801   -3.1041545461
   2.2527987723    0.1323809357    2.3921879105
   3.2860440396    0.1323809357    2.1866626483
   2.7694214060   -0.7624357142    2.1866626483
   2.7694214060    1.0271975856   -2.8022868273
   1.7361761386    1.0271975856   -2.8022868273
   2.2527987723    0.1323809357   -3.0078120895
   2.3760641556    1.4428899676    2.5778939085
   3.4093094230    1.4428899676    2.3723686463
   2.8926867893    2.3377066175    2.3723686463
   1.8594415219    0.5480733177    2.3723686463
   2.8926867893    0.5480733177    2.3723686463
   4.2852524648    1.4428899676    1.7870822177
   3.1691696419    3.1795487388    1.7870822177
   3.9821755656    0.4107048395    1.7870822177
   2.9311370040    3.8748230157   -1.1553513588
   3.1691696419    3.1795487388   -2.0312944007
   3.4093094230    1.4428899676   -2.6165808292
   2.8926867893    2.3377066175   -2.6165808292
   1.8594415219    2.3377066175   -2.6165808292
   1.3428188882    1.4428899676   -2.6165808292
   2.3760641556    1.4428899676   -2.8221060915
   1.2486077294    2.0574838322    2.8376946351
   2.2818529968    2.0574838322    2.6321693728
   1.7652303631    2.9523004821    2.6321693728
   0.7319850957    2.9523004821    2.6321693728
   0.2153624620    2.0574838322    2.6321693728
   1.7652303631    1.1626671823    2.6321693728
   2.8547191394    3.0896689603    2.0468829443
   2.0417132157    3.7941426034    2.0468829443
   0.9769019040    3.9472393572    2.0468829443
   2.8038872894    4.0077427144    1.1709399024
   1.8036805778    4.4894168803    1.1709399024
   2.2818529968    4.5519585699    0.1376946351
   1.2486077294    4.7574838322    0.1376946351
   2.8038872894    4.0077427144   -0.8955506323
   1.8036805778    4.4894168803   -0.8955506323
   0.6935348810    4.4894168803   -0.8955506323
   2.0417132157    3.7941426034   -1.7714936741
   0.9769019040    3.9472393572   -1.7714936741
  -0.0016447280    3.5003520842   -1.7714936741
   1.7652303631    2.9523004821   -2.3567801027
   0.7319850957    2.9523004821   -2.3567801027
   1.2486077294    2.0574838322   -2.5623053649
   0.3340357599    1.0703369337    2.8174165261
   0.8506583936    0.1755202838    2.6118912639
  -0.1825868738    1.9651535836   -2.3770582117
  -0.6992095075    1.0703369337   -2.3770582117
   0.3340357599    1.0703369337   -2.5825834739
  -1.0119888507    1.1964749138    3.0337433226
   0.0212564167    1.1964749138    2.8282180604
  -0.4953662170    0.3016582639    2.8282180604
  -1.5286114844    2.0912915637   -2.1607314151
  -1.0119888507    1.1964749138   -2.3662566774
  -0.6068601635    2.4801007424    3.1189954637
  -2.1951782793    4.9120337905    1.6577659933
  -3.1953849909    4.4303596246    1.6577659933
  -2.6733506983    4.9745754802    0.6245207260
  -3.5492937401    4.3892890516    0.6245207260
  -2.1951782793    4.9120337905   -0.4087245414
  -1.1234827972    3.3749173923   -1.8699540118
  -1.8080489286    0.0803890799    2.9760161983
  -2.3246715623   -0.8144275700    2.7704909361
  -1.2914262949   -0.8144275700    2.7704909361
  -2.3246715623    0.9752057298   -2.2184585395
  -2.8412941960    0.0803890799   -2.2184585395
  -1.8080489286    0.0803890799   -2.4239838017
  -2.9904498588    0.1496784434    2.9793778844
  -3.5371433701    1.0965793811    2.7298194315
  -4.0838368814    0.1496784434    2.7298194315
  -3.5371433701   -0.7972224944    2.7298194315
  -4.2806665196    1.6386678448    2.0305721851
  -4.8808576300    0.7047522475    2.0305721851
  -4.8808576300   -0.4053953607    2.0305721851
  -4.2806665196   -1.3393109581    2.0305721851
  -4.5222510380    2.0704963673    1.0201306379
  -5.2039666960    1.2156519705    1.0201306379
  -5.4472681975    0.1496784434    1.0201306379
  -5.2039666960   -0.9162950838    1.0201306379
  -4.5222510380    2.0704963673   -0.1013748692
  -5.2039666960    1.2156519705   -0.1013748692
  -5.4472681975    0.1496784434   -0.1013748692
  -5.2039666960   -0.9162950838   -0.1013748692
  -4.2806665196    1.6386678448   -1.1118164163
  -4.8808576300    0.7047522475   -1.1118164163
  -4.8808576300   -0.4053953607   -1.1118164163
  -3.5371433701    1.0965793811   -1.8110636627
  -4.0838368814    0.1496784434   -1.8110636627
  -1.2006330360   -1.1399583428    2.6971373998
  -0.1673877686   -1.1399583428    2.4916121375
  -0.6840104023   -2.0347749927    2.4916121375
  -1.7172556697   -0.2451416929   -2.4973373380
  -1.2006330360   -1.1399583428   -2.7028626002
  -1.0726842005   -2.2897351073    2.4451696742
  -1.3128239816   -4.0263938785    1.8598832456
  -0.4998180579   -3.3219202354    1.8598832456
  -2.6610023162   -4.7216681554    0.9839402038
  -4.6004042056   -3.3229803746   -0.0493050636
  -4.0151177771   -4.1989234165   -0.0493050636
  -3.1391747353   -4.7842098450   -0.0493050636
  -3.6612090279   -4.2399939895   -1.0825503310
  -1.0726842005   -2.2897351073   -2.5437798013
  -1.5893068342   -3.1845517572   -2.5437798013
   0.1589407135   -1.3522547044    2.4668971946
   1.1921859809   -1.3522547044    2.2613719323
   0.6755633472   -2.2470713543    2.2613719323
   1.1921859809   -1.3522547044   -2.7275775432
  -0.3576819202   -0.4574380545   -2.7275775432
  -0.8743045539   -1.3522547044   -2.7275775432
   0.1589407135   -1.3522547044   -2.9331028054
   1.7085313576   -2.4391771191    1.8029325769
   0.0684508238   -3.3860780568    1.8029325769
   1.1618378464   -3.3860780568    1.8029325769
   0.3347534582   -4.3893385036    1.1036853304
   1.4336013644   -4.2313480263    1.1036853304
   2.2725949468   -3.5043559488    1.1036853304
   0.0684508238   -4.8343978927    0.0932437833
   1.1618378464   -4.8343978927    0.0932437833
   2.1469455143   -4.3599950430    0.0932437833
   0.0684508238   -4.8343978927   -1.0282617238
   1.1618378464   -4.8343978927   -1.0282617238
   2.1469455143   -4.3599950430   -1.0282617238
   2.8286611723   -3.5051506462   -1.0282617238
   0.3347534582   -4.3893385036   -2.0387032709
   1.4336013644   -4.2313480263   -2.0387032709
   2.2725949468   -3.5043559488   -2.0387032709
   1.1618378464   -1.4922761814   -2.7379505174
  -0.4782426875   -2.4391771191   -2.7379505174
   0.0684508238   -3.3860780568   -2.7379505174
   1.1618378464   -3.3860780568   -2.7379505174
   0.6151443351   -2.4391771191   -2.9875089702
   0.9037160666   -0.1312414770    2.5474518495
   1.4203387003   -1.0260581269    2.3419265873
   0.3870934329    0.7635751729   -2.6470228883
  -0.1295292008   -0.1312414770   -2.6470228883
   0.9037160666   -0.1312414770   -2.8525481505
   3.3541672502   -1.5761114222    2.3233896521
   4.4341672502   -1.5761114222    2.0340045242
   3.8941672502   -0.6408039861    2.0340045242
   2.2741672502   -1.5761114222    2.0340045242
   2.8141672502   -2.5114188583    2.0340045242
   3.8941672502   -2.5114188583    2.0340045242
   5.2247821224   -1.5761114222    1.2433896521
   3.0879509972   -3.4276861322    1.2433896521
   4.1312487517   -3.2776825609    1.2433896521
   4.9278286200   -2.5874421758    1.2433896521
   3.6145264796   -3.7203625902    0.1633896521
   4.5811871032   -3.3537565725    0.1633896521
   5.2667522657   -2.5799134738    0.1633896521
   3.3647789546   -3.4521968513   -1.5545512913
   1.8794274971   -2.7216620767   -2.6345512913
   2.8382034722   -3.1595203933   -2.6345512913
   3.8815012267   -3.0095168220   -2.6345512913
   4.6780810950   -2.3192764369   -2.6345512913
   4.1844197252   -1.3079456833   -3.4251661635
   3.6444197252   -0.3726382472   -3.4251661635
   2.5644197252   -0.3726382472   -3.4251661635
   2.0244197252   -1.3079456833   -3.4251661635
   2.5644197252   -2.2432531194   -3.4251661635
   3.6444197252   -2.2432531194   -3.4251661635
   3.1044197252   -1.3079456833   -3.7145512913
   5.3226767087   -0.2916810537    1.2072586772
   4.7826767087    0.6436263824    1.2072586772
   6.1132915809   -0.2916810537    0.4166438051
   5.8163380785    0.7196497000    0.4166438051
   5.8163380785   -1.3030118073    0.4166438051
   6.4026767087   -0.2916810537   -0.6633561949
   6.1552617241    0.7121209980   -0.6633561949
   5.4696965616    1.4859640967   -0.6633561949
   6.1552617241   -1.2954831053   -0.6633561949
   6.1132915809   -0.2916810537   -1.7433561949
   5.8163380785    0.7196497000   -1.7433561949
   5.0197582102    1.4098900851   -1.7433561949
   5.8163380785   -1.3030118073   -1.7433561949
   5.3226767087   -0.2916810537   -2.5339710671
   4.7826767087    0.6436263824   -2.5339710671
   4.4055696777    1.9354415608    1.6867347521
   3.8655696777    2.8707489969    1.6867347521
   5.1961845498    1.9354415608    0.8961198799
   4.8992310475    2.9467723144    0.8961198799
   4.1026511791    3.6370126995    0.8961198799
   5.4855696777    1.9354415608   -0.1838801201
   5.2381546931    2.9392436124   -0.1838801201
   4.5525895306    3.7130867111   -0.1838801201
   3.5859289070    4.0796927289   -0.1838801201
   5.1961845498    1.9354415608   -1.2638801201
   4.8992310475    2.9467723144   -1.2638801201
   4.1026511791    3.6370126995   -1.2638801201
   4.4055696777    1.9354415608   -2.0544949923
   3.8655696777    2.8707489969   -2.0544949923
  -3.1409359834    4.7332975737   -0.1331009544
  -3.9917726434    4.1460074313   -0.1331009544
  -4.4722237530    3.2305843244   -0.1331009544
  -4.4722237530    2.1967406547   -0.1331009544
  -2.6412056803    4.5652371995   -1.2131009544
  -3.5999816555    4.1273788830   -1.2131009544
  -4.1698312535    3.2406756003   -1.2131009544
  -4.1698312535    2.1866493787   -1.2131009544
  -1.8349894273    3.6489699256   -2.0037158266
  -2.9149894273    3.6489699256   -2.0037158266
  -3.4549894273    2.7136624895   -2.0037158266
  -2.9149894273    1.7783550534   -2.0037158266
  -2.3749894273    2.7136624895   -2.2931009544
   0.2120359662    3.2318023714    2.5047107322
  -0.3279640338    4.1671098075    2.5047107322
   0.7056973360    4.2431331251    1.7140958600
  -0.0908825323    4.9333735101    1.7140958600
  -1.1341802868    5.0833770814    1.7140958600
   0.3590558192    5.0094475217    0.6340958600
  -0.6076048044    5.3760535395    0.6340958600
  -1.6339105898    5.2514374556    0.6340958600
  -0.0908825323    4.9333735101   -0.4459041400
  -1.1341802868    5.0833770814   -0.4459041400
  -0.3279640338    4.1671098075   -1.2365190122
  -2.1326673176    2.4423106471    3.7459522254
  -1.0526673176    2.4423106471    3.4565670975
  -1.5926673176    3.3776180832    3.4565670975
  -2.6726673176    3.3776180832    3.4565670975
  -3.2126673176    2.4423106471    3.4565670975
  -2.6726673176    1.5070032110    3.4565670975
  -1.5926673176    1.5070032110    3.4565670975
  -2.3988835706    4.2938853571    2.6659522254
  -3.3576595458    3.8560270406    2.6659522254
  -3.9275091438    2.9693237579    2.6659522254
  -3.9275091438    1.9152975363    2.6659522254
  -3.7494505337    3.8746555889    1.5859522254
  -4.2299016433    2.9592324820    1.5859522254
  -2.5984901465   -2.4094161467    3.0650476616
  -1.5184901465   -2.4094161467    2.7756625337
  -2.0584901465   -1.4741087107    2.7756625337
  -3.1384901465   -1.4741087107    2.7756625337
  -3.6784901465   -2.4094161467    2.7756625337
  -3.1384901465   -3.3447235828    2.7756625337
  -2.0584901465   -3.3447235828    2.7756625337
  -4.3933319727   -1.8824030359    1.9850476616
  -4.3933319727   -2.9364292576    1.9850476616
  -3.8234823746   -3.8231325402    1.9850476616
  -2.8647063995   -4.2609908567    1.9850476616
  -1.8214086451   -4.1109872855    1.9850476616
  -4.6957244722   -1.8924943119    0.9050476616
  -4.6957244722   -2.9263379816    0.9050476616
  -4.2152733626   -3.8417610885    0.9050476616
  -4.9558267758   -1.6171845391   -0.8086389397
  -4.9558267758   -2.6510282088   -0.8086389397
  -4.4753756662   -3.5664513157   -0.8086389397
  -4.0835846782   -0.7203899805   -1.8886389397
  -4.6534342763   -1.6070932631   -1.8886389397
  -4.6534342763   -2.6611194847   -1.8886389397
  -4.0835846782   -3.5478227674   -1.8886389397
  -3.1248087031   -3.9856810839   -1.8886389397
  -2.3185924501   -1.1987989378   -2.6792538118
  -3.3985924501   -1.1987989378   -2.6792538118
  -3.9385924501   -2.1341063739   -2.6792538118
  -3.3985924501   -3.0694138100   -2.6792538118
  -2.3185924501   -3.0694138100   -2.6792538118
  -2.8585924501   -2.1341063739   -2.9686389397
  -1.7853881391   -5.0130313125    0.8019859890
  -0.7420903846   -4.8630277412    0.8019859890
  -2.2851184421   -5.1810916867   -0.2780140110
  -1.2588126567   -5.3057077705   -0.2780140110
  -0.2921520332   -4.9391017528   -0.2780140110
  -2.7441641142   -4.5751729959   -1.3580140110
  -1.7853881391   -5.0130313125   -1.3580140110
  -0.7420903846   -4.8630277412   -1.3580140110
  -2.0591718861   -4.0967640386   -2.1486288832
  -0.9791718861   -4.0967640386   -2.1486288832
   5.2311731280   -0.8233225698    1.6884535211
   4.9250523414    0.2192290864    1.6884535211
   5.6762710204   -1.8800553665    0.8903201917
   5.4861554326   -2.8137046489   -0.0887352753
   6.0577279419   -1.8905833505   -0.0887352753
   3.5754100862   -3.7651427801   -1.1306243413
   4.6197100647   -3.4680138184   -1.1306243413
   5.4861554326   -2.8137046489   -1.1306243413
   6.0577279419   -1.8905833505   -1.1306243413
   5.0412626096   -2.7540694625   -2.1096798083
   5.6762710204   -1.8800553665   -2.1096798083
   5.2311731280   -0.8233225698   -2.9078131377
   4.9250523414    0.2192290864   -2.9078131377
   4.1038811686    0.9307779581   -2.9078131377
   3.8158405139    0.0652718284   -3.4287576707
   2.2527987723    0.1323809357    2.6921879105
   3.2788592022    0.1323809357    2.5112657729
   2.7658289872   -0.7562134625    2.5112657729
   2.7658289872    1.0209753338   -3.1268899518
   1.7397685573    1.0209753338   -3.1268899518
   1.2267383423    0.1323809357   -3.1268899518
   2.2527987723    0.1323809357   -3.3078120895
   2.3760641556    1.4428899676    2.8778939085
   3.4021245856    1.4428899676    2.6969717709
   2.8890943706    2.3314843658    2.6969717709
   1.8630339406    0.5542955695    2.6969717709
   2.8890943706    0.5542955695    2.6969717709
   4.3044269847    1.4428899676    2.1760272379
   3.9983061982    2.4854416239    2.1760272379
   3.1771350253    3.1969904956    2.1760272379
   3.9983061982    0.4003383114    2.1760272379
   3.1789138576    3.9138072783   -1.6221060915
   4.3044269847    1.4428899676   -2.4202394208
   3.1771350253    3.1969904956   -2.4202394208
   3.4021245856    1.4428899676   -2.9411839538
   2.8890943706    2.3314843658   -2.9411839538
   1.8630339406    2.3314843658   -2.9411839538
   1.3500037257    1.4428899676   -2.9411839538
   2.3760641556    1.4428899676   -3.1221060915
   1.2486077294    2.0574838322    3.1376946351
   2.2746681594    2.0574838322    2.9567724974
   1.7616379444    2.9460782303    2.9567724974
   0.7355775144    2.9460782303    2.9567724974
   0.2225472994    2.0574838322    2.9567724974
   1.7616379444    1.1688894340    2.9567724974
   2.8708497719    3.1000354884    2.4358279644
   2.0496785991    3.8115843601    2.4358279644
   0.9741730853    3.9662187081    2.4358279644
   2.9870600401    3.9882307248    1.6376946351
   2.0514574314    4.5284011428    1.6376946351
   0.9770348156    4.6413275102    1.6376946351
   2.5655074952    4.7021750808    0.6586391681
   1.5212075167    4.9993040424    0.6586391681
   2.5655074952    4.7021750808   -0.3832498979
   1.5212075167    4.9993040424   -0.3832498979
   2.0514574314    4.5284011428   -1.3623053649
   0.9770348156    4.6413275102   -1.3623053649
  -0.0504303763    4.3074838322   -1.3623053649
   2.0496785991    3.8115843601   -2.1604386943
   0.9741730853    3.9662187081   -2.1604386943
  -0.0142013681    3.5148432194   -2.1604386943
   1.7616379444    2.9460782303   -2.6813832273
   0.7355775144    2.9460782303   -2.6813832273
   1.2486077294    2.0574838322   -2.8623053649
   0.3340357599    1.0703369337    3.1174165261
   0.8470659749    0.1817425355    2.9364943885
  -0.1789944551    1.9589313319   -2.7016613363
  -0.6920246701    1.0703369337   -2.7016613363
   0.3340357599    1.0703369337   -2.8825834739
  -1.0119888507    1.1964749138    3.3337433226
   0.0140715793    1.1964749138    3.1528211850
  -0.4989586357    0.3078805156    3.1528211850
  -1.5250190657    2.0850693120   -2.4853345397
  -1.0119888507    1.1964749138   -2.6662566774
  -0.0178633884    3.5226523986    2.9226540553
  -0.8390345612    4.2342012703    2.9226540553
  -1.9116783447    5.0639444204    2.1245207260
  -2.9391435366    4.7301007424    2.1245207260
  -2.4486217339    5.3217407937    1.1454652590
  -3.4205432173    4.8377813998    1.1454652590
  -4.1520067119    4.0354041687    1.1454652590
  -4.5442240196    3.0229745917    1.1454652590
  -2.4486217339    5.3217407937    0.1035761930
  -1.9116783447    5.0639444204   -0.8754792740
  -0.8390345612    4.2342012703   -1.6736126034
  -1.1270752159    3.3686951406   -2.1945571364
  -1.8080489286    0.0803890799    3.2760161983
  -2.3210791436   -0.8082053182    3.0950940607
  -1.2950187136   -0.8082053182    3.0950940607
  -2.3210791436    0.9689834781   -2.5430616641
  -2.8341093586    0.0803890799   -2.5430616641
  -1.8080489286    0.0803890799   -2.7239838017
  -2.9904498588    0.1496784434    3.2593778844
  -3.5262066641    1.0776364507    3.0462405754
  -4.0619634694    0.1496784434    3.0462405754
  -3.5262066641   -0.7782795639    3.0462405754
  -4.7050926787    1.1396279370    2.4392768717
  -4.9703488461    0.1496784434    2.4392768717
  -4.7050926787   -0.8402710503    2.4392768717
  -5.0832657379    1.6701981829    1.5308914950
  -5.5207833934    0.6875174394    1.5308914950
  -5.5207833934   -0.3881605526    1.5308914950
  -5.0832657379   -1.3708412961    1.5308914950
  -4.6778268406    2.3841266797    0.4593778844
  -5.3710578388    1.6236884994    0.4593778844
  -5.7427745379    0.6641770932    0.4593778844
  -5.7427745379   -0.3648202065    0.4593778844
  -5.3710578388   -1.3243316127    0.4593778844
  -5.0832657379    1.6701981829   -0.6121357262
  -5.5207833934    0.6875174394   -0.6121357262
  -5.5207833934   -0.3881605526   -0.6121357262
  -4.7050926787    1.1396279370   -1.5205211029
  -4.9703488461    0.1496784434   -1.5205211029
  -3.5262066641    1.0776364507   -2.1274848067
  -4.0619634694    0.1496784434   -2.1274848067
  -1.2006330360   -1.1399583428    2.9971373998
  -0.1745726060   -1.1399583428    2.8162152621
  -0.6876028210   -2.0285527410    2.8162152621
  -1.7136632510   -0.2513639447   -2.8219404626
  -1.2006330360   -1.1399583428   -3.0028626002
  -1.0798690379   -2.2897351073    2.7697727988
  -1.3048585982   -4.0438356352    2.2488282658
  -0.4836874253   -3.3322867635    2.2488282658
  -2.3775023817   -4.8735787853    1.4506949364
  -5.0100480566   -2.8326089565    0.4716394694
  -4.6178307489   -3.8450385336    0.4716394694
  -3.8863672543   -4.6474157646    0.4716394694
  -2.9144457709   -5.1313751586    0.4716394694
  -4.6178307489   -3.8450385336   -0.5702495966
  -3.8863672543   -4.6474157646   -0.5702495966
  -2.9144457709   -5.1313751586   -0.5702495966
  -3.4049675735   -4.5397351073   -1.5493050636
  -2.3803641120   -4.1984699832   -2.3474383929
  -1.0798690379   -2.2897351073   -2.8683829259
  -1.5928992529   -3.1783295054   -2.8683829259
   0.1589407135   -1.3522547044    2.7668971946
   1.1850011435   -1.3522547044    2.5859750569
   0.6719709285   -2.2408491026    2.5859750569
   1.1850011435   -1.3522547044   -3.0521806678
  -0.3540895015   -0.4636603063   -3.0521806678
  -0.8671197165   -1.3522547044   -3.0521806678
   0.1589407135   -1.3522547044   -3.2331028054
   1.6866579457   -2.4391771191    2.1193537208
   0.0793875298   -3.3671351264    2.1193537208
   1.1509011404   -3.3671351264    2.1193537208
   0.6151443351   -4.4190761064    1.5123900171
   1.6050938287   -4.1538199391    1.5123900171
   2.3297871550   -3.4291266128    1.5123900171
   0.3447435533   -5.0118687057    0.6040046404
   1.4145288687   -4.8994297382    0.6040046404
   2.3460933361   -4.3615907422    0.6040046404
  -0.1511120371   -5.1322889200   -0.4675089702
   0.8734957416   -5.2272328127   -0.4675089702
   1.8632117312   -4.9456343349   -0.4675089702
   2.6843693033   -4.3255249213   -0.4675089702
   0.3447435533   -5.0118687057   -1.5390225809
   1.4145288687   -4.8994297382   -1.5390225809
   2.3460933361   -4.3615907422   -1.5390225809
  -0.3748051586   -4.1538199391   -2.4474079576
   0.6151443351   -4.4190761064   -2.4474079576
   1.6050938287   -4.1538199391   -2.4474079576
   2.3297871550   -3.4291266128   -2.4474079576
  -0.4563692756   -2.4391771191   -3.0543716613
   0.0793875298   -3.3671351264   -3.0543716613
   1.1509011404   -3.3671351264   -3.0543716613
   0.6151443351   -2.4391771191   -3.2675089702
   0.9037160666   -0.1312414770    2.8474518495
   1.9297764966   -0.1312414770    2.6665297119
   1.4167462816   -1.0198358752    2.6665297119
   0.3906858516    0.7573529211   -2.9716260129
  -0.1223443633   -0.1312414770   -2.9716260129
   0.9037160666   -0.1312414770   -3.1525481505
   3.3541672502   -1.5761114222    2.5633896521
   4.3954882241   -1.5761114222    2.3257149350
   2.3128462764   -1.5761114222    2.3257149350
   2.8335067633   -2.4779218390    2.3257149350
   3.8748277372   -2.4779218390    2.3257149350
   5.2305628082   -1.5761114222    1.6597651765
   3.0871283199   -3.4334079789    1.6597651765
   4.1336501353   -3.2829408576    1.6597651765
   4.9326916423   -2.5905674505    1.6597651765
   2.8335067633   -3.8572740637    0.6974398935
   3.8748277372   -3.8572740637    0.6974398935
   4.8130255161   -3.4054618259    0.6974398935
   5.4622785238   -2.5913243052    0.6974398935
   3.8748277372   -3.8572740637   -0.3706605894
   4.8130255161   -3.4054618259   -0.3706605894
   3.6250802122   -3.5891083248   -2.0886015328
   4.5632779912   -3.1372960870   -2.0886015328
   4.9808152832   -1.3079456833   -3.0509268158
   1.8756419530   -2.7260308275   -3.0509268158
   2.8373807949   -3.1652422400   -3.0509268158
   3.8839026103   -3.0147751187   -3.0509268158
   4.6829441173   -2.3224017116   -3.0509268158
   4.1457406991   -1.3079456833   -3.7168765743
   3.6250802122   -0.4061352664   -3.7168765743
   2.5837592383   -0.4061352664   -3.7168765743
   2.0630987514   -1.3079456833   -3.7168765743
   2.5837592383   -2.2097561002   -3.7168765743
   3.6250802122   -2.2097561002   -3.7168765743
   3.1044197252   -1.3079456833   -3.9545512913
   6.1190722666   -0.2916810537    0.8330193295
   5.8212011008    0.7227749746    0.8330193295
   6.5825036979   -0.2916810537   -0.1293059535
   6.3507879823    0.7235318293   -0.1293059535
   5.7015349746    1.5376693501   -0.1293059535
   6.3507879823   -1.3068939366   -0.1293059535
   6.5825036979   -0.2916810537   -1.1974064364
   6.3507879823    0.7235318293   -1.1974064364
   5.7015349746    1.5376693501   -1.1974064364
   6.3507879823   -1.3068939366   -1.1974064364
   6.1190722666   -0.2916810537   -2.1597317194
   5.8212011008    0.7227749746   -2.1597317194
   5.0221595938    1.4151483818   -2.1597317194
   5.2839976826   -0.2916810537   -2.8256814779
   4.7633371956    0.6101293632   -2.8256814779
   5.2019652356    1.9354415608    1.3124954044
   4.9040940698    2.9498975891    1.3124954044
   4.1050525628    3.6422709962    1.3124954044
   5.6653966669    1.9354415608    0.3501701214
   5.4336809513    2.9506544438    0.3501701214
   4.7844279436    3.7647919645    0.3501701214
   3.8462301646    4.2166042023    0.3501701214
   5.6653966669    1.9354415608   -0.7179303616
   5.4336809513    2.9506544438   -0.7179303616
   4.7844279436    3.7647919645   -0.7179303616
   3.8462301646    4.2166042023   -0.7179303616
   5.2019652356    1.9354415608   -1.6802556445
   4.9040940698    2.9498975891   -1.6802556445
   4.1050525628    3.6422709962   -1.6802556445
   4.3668906516    1.9354415608   -2.3462054031
   3.8462301646    2.8372519777   -2.3462054031
  -3.8338476932    4.5430128933    0.4009492871
  -4.4831007009    3.7288753725    0.4009492871
  -4.7148164166    2.7136624895    0.4009492871
  -2.8956499143    4.9948251310   -0.6671511959
  -3.8338476932    4.5430128933   -0.6671511959
  -4.4831007009    3.7288753725   -0.6671511959
  -4.7148164166    2.7136624895   -0.6671511959
  -2.6420283577    4.5709590462   -1.6294764789
  -3.6037671996    4.1317476338   -1.6294764789
  -4.1753777809    3.2423042077   -1.6294764789
  -4.1753777809    2.1850207714   -1.6294764789
  -1.8543289404    3.6154729064   -2.2954262374
  -2.8956499143    3.6154729064   -2.2954262374
  -3.4163104012    2.7136624895   -2.2954262374
  -2.8956499143    1.8118520727   -2.2954262374
  -2.3749894273    2.7136624895   -2.5331009544
  -0.3473035468    4.1336127883    2.7964211430
   0.7105603583    4.2462583997    2.1304713845
  -0.0884811487    4.9386318068    2.1304713845
  -1.1350029641    5.0890989281    2.1304713845
   0.5908942321    5.0611527751    1.1681461015
  -0.3473035468    5.5129650129    1.1681461015
  -1.3886245207    5.5129650129    1.1681461015
   0.5908942321    5.0611527751    0.1000456185
  -0.3473035468    5.5129650129    0.1000456185
  -1.3886245207    5.5129650129    0.1000456185
  -0.0884811487    4.9386318068   -0.8622796645
  -1.1350029641    5.0890989281   -0.8622796645
  -0.3473035468    4.1336127883   -1.5282294230
  -2.1326673176    2.4423106471    3.9859522254
  -1.0913463438    2.4423106471    3.7482775083
  -1.6120068307    3.3441210640    3.7482775083
  -2.6533278046    3.3441210640    3.7482775083
  -3.1739882915    2.4423106471    3.7482775083
  -2.6533278046    1.5405002302    3.7482775083
  -1.6120068307    1.5405002302    3.7482775083
  -2.3997062480    4.2996072038    3.0823277498
  -3.3614450899    3.8603957913    3.0823277498
  -3.9330556712    2.9709523653    3.0823277498
  -3.9330556712    1.9136689289    3.0823277498
  -3.5915255835    4.2716610508    2.1200024669
  -4.2407785912    3.4575235301    2.1200024669
  -4.4724943069    2.4423106471    2.1200024669
  -2.5984901465   -2.4094161467    3.3050476616
  -1.5571691726   -2.4094161467    3.0673729445
  -2.0778296596   -1.5076057299    3.0673729445
  -3.1191506335   -1.5076057299    3.0673729445
  -3.6398111204   -2.4094161467    3.0673729445
  -3.1191506335   -3.3112265636    3.0673729445
  -2.0778296596   -3.3112265636    3.0673729445
  -4.3988785001   -1.8807744286    2.4014231860
  -4.3988785001   -2.9380578649    2.4014231860
  -3.8272679188   -3.8275012910    2.4014231860
  -2.8655290769   -4.2667127034    2.4014231860
  -1.8190072614   -4.1162455822    2.4014231860
  -4.9383171358   -2.4094161467    1.4390979031
  -4.7066014201   -3.4246290297    1.4390979031
  -4.0573484124   -4.2387665505    1.4390979031
  -3.1191506335   -4.6905787882    1.4390979031
  -5.1984194394   -2.1341063739   -0.2745886982
  -4.9667037237   -1.1188934910   -1.3426891812
  -5.1984194394   -2.1341063739   -1.3426891812
  -4.9667037237   -3.1493192569   -1.3426891812
  -4.3174507160   -3.9634567776   -1.3426891812
  -4.0873702224   -0.7160212297   -2.3050144641
  -4.6589808037   -1.6054646558   -2.3050144641
  -4.6589808037   -2.6627480921   -2.3050144641
  -4.0873702224   -3.5521915182   -2.3050144641
  -3.1256313805   -3.9914029306   -2.3050144641
  -2.3379319632   -1.2322959571   -2.9709642226
  -3.3792529371   -1.2322959571   -2.9709642226
  -3.8999134240   -2.1341063739   -2.9709642226
  -3.3792529371   -3.0359167908   -2.9709642226
  -2.3379319632   -3.0359167908   -2.9709642226
  -2.8585924501   -2.1341063739   -3.2086389397
  -1.7862108165   -5.0187531592    1.2183615134
  -0.7396890010   -4.8682860379    1.2183615134
  -2.0398323730   -5.4426192440    0.2560362305
  -0.9985113991   -5.4426192440    0.2560362305
  -2.0398323730   -5.4426192440   -0.8120642525
  -0.9985113991   -5.4426192440   -0.8120642525
  -1.7862108165   -5.0187531592   -1.7743895355
  -0.7396890010   -4.8682860379   -1.7743895355
  -0.9985113991   -4.0632670194   -2.4403392940
