   0.0301589269
   0.0243760771
   0.0298131671
   0.0283890431
   0.0281531985
   0.0076881035
   0.0203917522
   0.0092610141
   0.0153006361
   0.0031320301
   0.0207412356
   0.0056506227
   0.0151681748
   0.0327341813
   0.0199548001
  -0.0001313562
   0.0059056748
   0.0154451295
  -0.0156962013
  -0.0074186848
  -0.0253205561
  -0.0228564384
   0.0001885989
  -0.0007421783
  -0.0287303288
  -0.0336167830
  -0.0138732822
  -0.0355242578
  -0.0194296288
  -0.0319432190
  -0.0185631651
  -0.0119021784
  -0.0197812320
  -0.0044635570
   0.0032288082
   0.0020772268
   0.0013242350
   0.0024855631
   0.0034432578
   0.0092984887
   0.0050884298
   0.0059175557
   0.0056271856
   0.0039484761
   0.0111483445
   0.0114364294
   0.0032240119
   0.0020721289
   0.0137694827
  -0.0095417950
   0.0087676816
   0.0027472221
  -0.0110907127
   0.0109141564
  -0.0328949913
  -0.0399929232
  -0.0482889329
  -0.0401412879
  -0.0168540618
  -0.0518400778
  -0.0543234292
  -0.0509663716
  -0.0438932874
  -0.0535965915
  -0.0552217445
  -0.0531638123
  -0.0483123207
  -0.0516704960
  -0.0461972041
  -0.0315810638
  -0.0408141921
  -0.0166132149
   0.0044441346
   0.0008400785
   0.0148849792
   0.0089743020
   0.0019544405
   0.0012021850
   0.0028204054
   0.0044970501
   0.0058370880
  -0.0053355240
   0.0100023880
   0.0065021123
   0.0006757803
  -0.0071436969
  -0.0006615296
   0.0115931974
   0.0001402439
  -0.0185771129
  -0.0290228835
  -0.0344152594
  -0.0397306229
  -0.0444833595
  -0.0373477498
  -0.0471808135
  -0.0464107115
  -0.0381803519
  -0.0440863110
  -0.0468986840
  -0.0407466810
  -0.0272982266
  -0.0097351083
  -0.0227723309
  -0.0395018575
  -0.0412638868
  -0.0299525844
   0.0014473960
   0.0050375094
   0.0017625172
   0.0098087217
   0.0108659807
   0.0035042542
   0.0187675845
   0.0227668600
   0.0238303526
   0.0159751344
   0.0091337701
   0.0171807948
   0.0264295789
  -0.0092623996
   0.0116332134
   0.0213100185
  -0.0248129207
   0.0087676841
   0.0232607641
   0.0077373290
  -0.0114737962
  -0.0097906181
   0.0101900214
   0.0220964629
   0.0233555005
   0.0231784441
   0.0172112567
   0.0102040367
   0.0172590589
   0.0197059189
   0.0310660067
   0.0414281560
   0.0326335524
   0.0393950359
   0.0296643105
   0.0325381424
   0.0378223384
   0.0498948939
   0.0301332107
   0.0304390462
   0.0344615151
   0.0328626617
   0.0218294729
   0.0409478895
   0.0340004256
   0.0219822564
   0.0437205118
   0.0357579781
   0.0244284331
   0.0394034329
   0.0279932005
   0.0084948425
  -0.0014702806
  -0.0279268736
   0.0080547500
   0.0080203700
   0.0018310475
  -0.0157786370
   0.0054621944
   0.0065971933
   0.0063265758
  -0.0018963410
   0.0047915495
   0.0057632593
  -0.0063352030
   0.0050434247
  -0.0083636374
   0.0069792901
   0.0114691053
  -0.0152430259
   0.0051477200
   0.0099906430
  -0.0000181052
   0.0066257035
   0.0056954053
   0.0077277801
   0.0062940385
  -0.0010824260
   0.0038900559
   0.0098727319
   0.0080054529
   0.0000105170
  -0.0170204693
  -0.0031665471
   0.0014795600
   0.0018944917
  -0.0024203537
  -0.0093673561
   0.0019769464
   0.0026185023
  -0.0203012038
  -0.0019197847
   0.0034917270
   0.0016869395
  -0.0019089013
  -0.0262215250
  -0.0044685410
  -0.0229323361
  -0.0096227191
   0.0004639324
   0.0037549485
   0.0002313741
   0.0016969480
  -0.0004167793
   0.0034593414
   0.0004947193
   0.0024773436
  -0.0145839187
  -0.0051658597
   0.0035881470
  -0.0034260372
  -0.0288369997
   0.0032663111
  -0.0042490345
  -0.0348753859
   0.0006060021
  -0.0086770250
  -0.0065219852
   0.0236633167
   0.0245805924
   0.0097470786
   0.0195788717
   0.0250211918
   0.0232129684
   0.0234703900
   0.0069222600
   0.0165068027
   0.0135304206
   0.0182558087
   0.0079675582
   0.0140875629
   0.0019669506
   0.0149024690
   0.0028852985
   0.0047956463
   0.0119880950
   0.0065255305
   0.0279807331
   0.0255368275
   0.0156514046
   0.0020295307
   0.0042942675
   0.0129465735
  -0.0101044870
  -0.0050798305
  -0.0162728993
  -0.0147240185
  -0.0006184132
  -0.0024351409
  -0.0192513591
  -0.0214395840
  -0.0065470471
  -0.0230590391
  -0.0204610359
  -0.0012233612
  -0.0207611377
  -0.0221578836
  -0.0108700810
  -0.0198741876
  -0.0128670917
  -0.0058602514
  -0.0117950905
  -0.0015939669
   0.0013919941
   0.0021421345
  -0.0000537133
   0.0052588403
   0.0018318970
   0.0028263685
   0.0018756880
   0.0056448556
   0.0030504017
   0.0044708395
   0.0023083802
   0.0074279660
   0.0083561956
   0.0064013158
  -0.0002059376
   0.0076407089
   0.0014341232
  -0.0014048582
  -0.0094221808
   0.0043793648
   0.0005931622
  -0.0076921173
   0.0057964658
  -0.0244353093
  -0.0288624281
  -0.0363947418
  -0.0299045491
  -0.0141932579
  -0.0392417123
  -0.0424507421
  -0.0387760101
  -0.0400624136
  -0.0441809743
  -0.0440037300
  -0.0388294767
  -0.0385352241
  -0.0431493613
  -0.0428230097
  -0.0366057996
  -0.0354665500
  -0.0388548358
  -0.0321597648
  -0.0219846139
  -0.0290262630
   0.0029414324
   0.0067171652
   0.0000746773
   0.0046758050
   0.0010928920
  -0.0001104942
  -0.0049342770
  -0.0123192943
   0.0022609258
   0.0019866974
   0.0024274022
  -0.0073359924
  -0.0069014369
   0.0055929844
   0.0037422641
  -0.0047180809
  -0.0010342037
   0.0062256312
   0.0007297241
  -0.0021696275
  -0.0112987167
  -0.0199452463
  -0.0235461574
  -0.0284840002
  -0.0323889509
  -0.0250987014
  -0.0361982919
  -0.0340377883
  -0.0231097224
  -0.0308302108
  -0.0371724553
  -0.0349888287
  -0.0252487789
  -0.0333088728
  -0.0354366834
  -0.0285202520
  -0.0176652111
  -0.0069419698
  -0.0176812287
  -0.0290093964
  -0.0298183212
  -0.0213789655
   0.0021471298
   0.0037073861
   0.0018073033
   0.0057635681
   0.0038166194
   0.0149672857
   0.0187690313
   0.0198559157
   0.0096550740
   0.0082269167
   0.0145920163
   0.0219428131
  -0.0012113148
   0.0110567956
   0.0177786954
   0.0002320337
   0.0130109654
   0.0202844029
   0.0098262574
  -0.0026356360
   0.0133777437
   0.0232973353
   0.0029121538
  -0.0104093248
  -0.0016063376
   0.0105308166
   0.0184089181
   0.0192546992
   0.0197340382
   0.0159323608
   0.0103748179
   0.0088657916
   0.0148848363
   0.0157039910
   0.0269715976
   0.0329663014
   0.0278007079
   0.0330580824
   0.0254697696
   0.0281666013
   0.0322113773
   0.0411533094
   0.0259424566
   0.0274775452
   0.0310455378
   0.0372930812
   0.0257167181
   0.0260793359
   0.0285157127
   0.0258981117
   0.0183745497
   0.0328491208
   0.0272385332
   0.0182008154
   0.0385808545
   0.0370194076
   0.0311132217
   0.0242410506
   0.0126044806
   0.0370627626
   0.0301014651
   0.0218093345
   0.0326307229
   0.0247267738
   0.0014444838
  -0.0132547826
   0.0054533918
   0.0002209634
  -0.0117037436
   0.0047997946
   0.0056293363
   0.0028424383
  -0.0054257766
  -0.0203638194
   0.0032214294
   0.0039372222
   0.0044508166
   0.0003388636
  -0.0021322041
   0.0031650257
   0.0032841120
  -0.0049931649
   0.0015235380
  -0.0095626102
   0.0027784283
   0.0072495296
  -0.0023693762
   0.0052696947
   0.0084008761
  -0.0004624835
   0.0054004555
  -0.0044488760
   0.0037929638
   0.0038087300
   0.0049828248
   0.0047827044
   0.0005094501
  -0.0019441409
   0.0025713549
   0.0061330111
   0.0060356116
   0.0021687499
  -0.0063926608
  -0.0182455881
  -0.0009969589
  -0.0154447703
  -0.0009434006
   0.0002306569
  -0.0020727697
  -0.0104330104
  -0.0044883827
   0.0005402810
   0.0003735843
  -0.0278764277
  -0.0092947468
  -0.0008528093
   0.0012734723
  -0.0006476391
  -0.0128404018
  -0.0020875269
   0.0018591401
  -0.0169770972
  -0.0272634575
  -0.0102258066
  -0.0019347317
   0.0022339508
  -0.0134029244
  -0.0115191036
  -0.0037763222
   0.0005708361
   0.0013015447
  -0.0014492111
   0.0003412333
  -0.0020140429
  -0.0001715806
   0.0009046960
  -0.0015746119
   0.0003466371
  -0.0075584090
  -0.0004140342
  -0.0078546899
   0.0015698683
  -0.0031048059
  -0.0159054512
  -0.0011935338
  -0.0102582936
  -0.0032677923
  -0.0133266942
   0.0219434020
   0.0207459284
   0.0175561336
   0.0219208202
   0.0161347034
   0.0209493147
   0.0258610988
   0.0200010947
   0.0062241943
   0.0137272823
   0.0109856069
   0.0157105230
   0.0075869805
   0.0127136610
   0.0018369496
   0.0114070147
   0.0021055062
   0.0035765192
   0.0098138120
   0.0219390309
   0.0033990711
   0.0214435119
   0.0058926013
   0.0132920040
   0.0208966710
   0.0131198328
   0.0034154135
   0.0042250301
   0.0114433695
  -0.0064066472
  -0.0029365725
  -0.0104148970
  -0.0095810664
  -0.0025929293
  -0.0001880575
  -0.0019230518
  -0.0127753323
  -0.0139842578
  -0.0047787802
  -0.0157734456
  -0.0111566086
  -0.0168065713
   0.0020800954
  -0.0128065955
  -0.0148322129
  -0.0055467027
  -0.0123261165
  -0.0086038121
  -0.0020554381
  -0.0067975866
   0.0003683799
   0.0007986549
   0.0021992843
  -0.0000841617
   0.0036499602
   0.0019697001
   0.0020055475
   0.0011263223
   0.0035232730
   0.0019962943
   0.0033545031
   0.0015700142
   0.0058866387
   0.0043115490
   0.0056492337
   0.0034617206
   0.0051642789
   0.0006054868
  -0.0027765157
  -0.0085251665
   0.0016816300
  -0.0004176952
  -0.0057711313
   0.0030898326
  -0.0186415084
  -0.0216468491
  -0.0288947284
  -0.0231728321
  -0.0273892412
  -0.0338180963
  -0.0337381107
  -0.0270543234
  -0.0282040794
  -0.0348385939
  -0.0364273496
  -0.0343643270
  -0.0263896100
  -0.0338166736
  -0.0354333387
  -0.0328787576
  -0.0240212181
  -0.0307387971
  -0.0296422985
  -0.0165194136
  -0.0225169365
   0.0014711973
   0.0041749872
  -0.0002788175
   0.0024932919
   0.0001862321
  -0.0006530083
  -0.0048148059
  -0.0091815112
  -0.0000969932
  -0.0036353405
   0.0001493720
   0.0008699726
   0.0006779461
  -0.0072670264
  -0.0069677365
   0.0033857033
   0.0027161453
  -0.0032487843
  -0.0004551069
   0.0035041883
  -0.0008448551
  -0.0026490469
  -0.0065265078
  -0.0149411068
  -0.0174234182
  -0.0237081717
  -0.0244882560
  -0.0161371665
  -0.0249792104
  -0.0285663629
  -0.0251628425
  -0.0263697174
  -0.0294050352
  -0.0260574821
  -0.0151633259
  -0.0272233445
  -0.0270705500
  -0.0189383652
  -0.0027286125
  -0.0131683864
  -0.0222165102
  -0.0224165687
  -0.0154669877
   0.0024634721
   0.0032950287
   0.0023118118
   0.0038368047
   0.0040003586
   0.0123487621
   0.0163093072
   0.0176458157
   0.0070799868
   0.0054427927
   0.0117719785
   0.0197501571
  -0.0000816375
   0.0097800701
   0.0155605301
   0.0014070647
   0.0117034965
   0.0181776708
  -0.0005274961
  -0.0123612485
  -0.0007114523
   0.0095770729
   0.0163421183
   0.0167248637
   0.0174389343
   0.0134013393
   0.0076433598
   0.0059933645
   0.0120599388
   0.0129482790
   0.0239742972
   0.0292836531
   0.0244901848
   0.0287348839
   0.0225389715
   0.0246755064
   0.0280449606
   0.0351835151
   0.0227844981
   0.0241022985
   0.0270353455
   0.0321229854
   0.0225502272
   0.0230836151
   0.0253211412
   0.0220753050
   0.0146643663
   0.0284880886
   0.0234936549
   0.0162614068
   0.0323794270
   0.0269190249
   0.0211222435
   0.0120451589
   0.0325253168
   0.0262442925
   0.0194803870
   0.0285012622
   0.0208710230
   0.0046756096
   0.0011190157
  -0.0064727133
  -0.0232102863
   0.0041203139
   0.0025423389
  -0.0026413022
  -0.0132332630
   0.0025476977
   0.0027086151
  -0.0014214055
  -0.0035746561
   0.0017962385
  -0.0055566045
   0.0004568849
  -0.0117805462
  -0.0000479045
   0.0046733148
  -0.0055490473
   0.0024969995
   0.0057145544
  -0.0035706755
   0.0029646584
  -0.0050696544
   0.0020504925
   0.0024226875
   0.0034646195
   0.0029679264
  -0.0013385741
  -0.0036285831
   0.0011385405
   0.0048065138
   0.0023547511
  -0.0035039073
  -0.0134002060
   0.0009428485
  -0.0087061569
  -0.0022976452
  -0.0007552432
  -0.0029564780
  -0.0116103226
  -0.0059378750
  -0.0009863930
  -0.0008770077
  -0.0173265343
  -0.0058164872
  -0.0009546423
  -0.0002093136
  -0.0023350835
  -0.0228713587
  -0.0076654215
  -0.0012636791
  -0.0175382019
  -0.0067983357
  -0.0012922248
  -0.0151431680
  -0.0084175265
  -0.0027944385
  -0.0001805910
  -0.0001483030
  -0.0005136996
  -0.0032777420
  -0.0016878378
  -0.0004315598
  -0.0026526004
  -0.0008783332
  -0.0028389363
  -0.0107794329
  -0.0008739581
  -0.0062213751
  -0.0196058235
  -0.0001639689
  -0.0039655325
  -0.0139605381
  -0.0039506855
  -0.0135760866
   0.0188007481
   0.0218530598
   0.0179790687
   0.0154676983
   0.0190192254
  -0.0009793214
   0.0096275743
   0.0151840839
   0.0191553759
   0.0142885867
   0.0180606372
   0.0191494880
   0.0211639293
   0.0211336585
   0.0171309130
   0.0055495318
   0.0114986126
   0.0091383393
   0.0136888354
   0.0072306141
   0.0053686161
   0.0112943055
   0.0019406692
   0.0091098829
   0.0019708770
   0.0030971545
   0.0081712077
   0.0170446577
   0.0126014980
   0.0022434671
   0.0170624062
   0.0084097713
   0.0257176702
   0.0111315046
   0.0175593413
   0.0113639913
   0.0041634635
   0.0043888776
   0.0102761414
  -0.0039997744
  -0.0013996305
  -0.0066302398
  -0.0062853809
  -0.0019126804
   0.0003467918
  -0.0010158668
  -0.0084258930
  -0.0092893708
  -0.0016856890
  -0.0099122963
  -0.0102574916
  -0.0062237557
  -0.0116311641
  -0.0043590974
  -0.0110406876
  -0.0061637262
  -0.0101780507
  -0.0070230051
  -0.0022221253
  -0.0075275681
  -0.0056369167
   0.0002580802
  -0.0036608552
   0.0016161978
   0.0005755165
   0.0020379016
   0.0001857504
   0.0026164057
   0.0021592672
   0.0012041493
   0.0007676850
   0.0021115367
   0.0012558169
   0.0024195158
  -0.0019824521
   0.0019150471
   0.0041663396
   0.0035822069
   0.0043496025
   0.0028610411
  -0.0012604638
  -0.0104772537
   0.0041444832
   0.0031507491
  -0.0011353217
   0.0001622370
  -0.0032741560
  -0.0075701212
   0.0000228515
  -0.0009526430
  -0.0046302727
   0.0015035192
  -0.0146301919
  -0.0166112481
  -0.0225378873
  -0.0182491950
  -0.0252580217
  -0.0275049724
  -0.0254113241
  -0.0264472741
  -0.0296082883
  -0.0294952947
  -0.0259014271
  -0.0209943081
  -0.0275126595
  -0.0299624739
  -0.0297461230
  -0.0266651955
  -0.0247435867
  -0.0280582626
  -0.0275487884
  -0.0221742644
  -0.0238815765
  -0.0123005906
  -0.0167402470
   0.0002661462
   0.0025777951
  -0.0006113471
   0.0011455642
  -0.0005512688
  -0.0010669042
  -0.0043315231
  -0.0069016374
  -0.0017559895
  -0.0093044674
  -0.0028986183
  -0.0006055629
  -0.0006802431
  -0.0020634041
  -0.0004476384
  -0.0005755827
  -0.0006929917
  -0.0032730285
  -0.0066241260
  -0.0065652051
   0.0021135361
   0.0022073404
  -0.0023126006
   0.0001273306
   0.0019976810
  -0.0016184044
  -0.0024787406
  -0.0039985480
  -0.0108799119
  -0.0122574053
  -0.0184420479
  -0.0173428598
  -0.0097444095
  -0.0206859238
  -0.0218011424
  -0.0176035510
  -0.0193598572
  -0.0233393054
  -0.0223840040
  -0.0170027899
  -0.0224325521
  -0.0230792406
  -0.0189727797
  -0.0184997583
  -0.0216185982
  -0.0198847860
  -0.0119497094
  -0.0105403615
  -0.0169090016
  -0.0165012010
  -0.0113608830
   0.0024039213
   0.0044394387
   0.0029924276
   0.0025726888
   0.0027138601
   0.0039248933
   0.0104125276
   0.0138938158
   0.0060941707
   0.0048656086
   0.0098341801
   0.0169044822
   0.0004649296
   0.0081609149
   0.0131770930
  -0.0097736940
   0.0032849753
   0.0106070232
   0.0155919981
   0.0020970385
   0.0112467725
   0.0023821997
   0.0111866415
   0.0176749413
  -0.0071702328
   0.0003070939
   0.0081467629
   0.0137544776
   0.0142459972
   0.0149098632
   0.0114420220
   0.0066066417
   0.0053301543
   0.0101528475
   0.0109195819
   0.0217267306
   0.0252764362
   0.0219411194
   0.0248718419
   0.0308973335
   0.0202664454
   0.0217703698
   0.0243056720
   0.0289459309
   0.0202303468
   0.0211918006
   0.0234406950
   0.0267801256
   0.0205393033
   0.0221109056
   0.0235912540
   0.0192094508
   0.0126734549
   0.0274577743
   0.0229481117
   0.0180743352
   0.0107769609
   0.0292656428
   0.0241017325
   0.0192028397
   0.0124173595
   0.0281808262
   0.0225746855
   0.0166458800
   0.0244421792
   0.0180024828
   0.0016783292
  -0.0039217757
  -0.0150641532
   0.0035233040
   0.0015571508
  -0.0028311906
  -0.0114971571
   0.0027211962
   0.0012955471
  -0.0029289836
  -0.0105864137
   0.0016278838
   0.0014352341
  -0.0018536506
  -0.0030962532
   0.0008391733
   0.0001587694
  -0.0084393630
  -0.0004335272
   0.0033762712
  -0.0061060016
   0.0008809521
   0.0039655630
  -0.0085432919
  -0.0001214999
   0.0033808894
  -0.0041826531
   0.0015435758
  -0.0046497179
   0.0009093062
   0.0015868831
   0.0023319263
   0.0016475217
  -0.0018195232
  -0.0033909355
   0.0002599814
   0.0032571290
   0.0012143429
  -0.0034097099
  -0.0104380425
   0.0016263102
  -0.0038092082
  -0.0134644895
  -0.0030759289
  -0.0014217857
  -0.0035484368
  -0.0099036873
  -0.0061101974
  -0.0020723290
  -0.0015940370
  -0.0148763516
  -0.0061096249
  -0.0020076387
  -0.0011475824
  -0.0025255960
  -0.0130092956
  -0.0049659674
  -0.0014071649
  -0.0006103476
  -0.0143880461
  -0.0181599986
  -0.0090397472
  -0.0037355921
  -0.0009712881
  -0.0107732972
  -0.0069766944
  -0.0030469711
  -0.0011065025
  -0.0013258751
  -0.0011940461
  -0.0032456501
  -0.0023162754
  -0.0013587728
  -0.0029872825
  -0.0016306674
  -0.0034668107
  -0.0097592492
  -0.0026809960
  -0.0080649831
  -0.0031035298
  -0.0089728409
  -0.0051047997
  -0.0135632478
  -0.0124592115
