Residue Number	pLDDT Score
---------------------------
1		95.5
2		95.5
3		95.5
4		95.5
5		95.5
6		95.5
7		95.5
8		95.5
9		97.02
10		97.02
11		97.02
12		97.02
13		97.02
14		97.02
15		97.02
16		97.02
17		97.02
18		98.19
19		98.19
20		98.19
21		98.19
22		98.19
23		98.19
24		98.19
25		98.19
26		98.3
27		98.3
28		98.3
29		98.3
30		98.3
31		98.3
32		98.3
33		98.3
34		98.3
35		98.3
36		98.3
37		98.15
38		98.15
39		98.15
40		98.15
41		98.15
42		98.15
43		98.15
44		97.93
45		97.93
46		97.93
47		97.93
48		97.93
49		97.93
50		97.93
51		97.93
52		97.93
53		94.76
54		94.76
55		94.76
56		94.76
57		94.76
58		94.76
59		94.76
60		90.29
61		90.29
62		90.29
63		90.29
64		90.29
65		90.29
66		90.29
67		90.29
68		91.94
69		91.94
70		91.94
71		91.94
72		91.94
73		91.94
74		91.94
75		93.74
76		93.74
